36.061593222445254 -79.58248097813615
36.062352499999996 -79.57584899999999
36.0624146 -79.5705078
36.06256793136796 -79.5411891381526
36.06476537384951 -79.52802216441196
36.06732330969618 -79.50000409392183
36.069221009744645 -79.48323412500494
36.06431867009508 -79.46534252567497
36.065507694535775 -79.4428575361733
36.06325141285461 -79.42745934009665
36.06006088618231 -79.40027294166886
36.06511290849922 -79.38224302660666
36.067563 -79.3772989
36.068671741185156 -79.3520479946303
36.0669338230684 -79.32799511173566
36.065460034834885 -79.31774341475351
36.0686605110292 -79.30358912239657
36.067931116717325 -79.28651722006633
36.06826754498153 -79.27967436630361
36.07675593661263 -79.25555506139719
36.07917482045912 -79.22215555086707
